Frequenz	U_in	U_out	Phi	U_out2k
10	102.01e-3	101.95e-3	-0.182
100	102.01e-3	101.91e-3	-0.248
1e3	101.91e-3	103.82e-3	-0.629	
10e3	105.53e-3	115.86e-3	-1.558	
50e3	116.38e-3	118.99e-3	-3.754	
100e3	102.7e-3	102.6e-3	-8.859	
500e3	102.4e-3	093.1e-3	-36.866	
600e3	102.8e-3	089.7e-3	-45.393	
900e3	202.4e-3	135.0e-3	-67.38	
1e6	202.4e-3	124.5e-3	-73.14	
1.1e6	202.5e-3	114.7e-3	-78.76	
1.5e6	201.0e-3	085.3e-3	-96.67	
1.75e6	203.1e-3	073.1e-3	-106.11	
2e6	203.3e-3	062.7e-3	-114.62	
3e6	204.4e-3	038.8e-3	-142.83	
4e6	205.2e-3	026.9e-3	-166.89	
5e6	206.5e-3	020.9e-3	-184.91	
7.5e6	209.6e-3	016.6e-3	-220.8	