  Time                  V(R3:1)               V(V5:+)               V(U1:OUT)            
  0.000000000000e+000  1.000000000000e-001  2.000000000000e-001  -2.998477753531e+000  
  2.500000000000e-007  1.003141591362e-001  2.007853900889e-001  -2.999040990212e+000  
  3.596725463867e-007  1.004519774671e-001  2.011299205848e-001  -2.999385088370e+000  
  5.790176391602e-007  1.007276134195e-001  2.018189372463e-001  -3.000405709771e+000  
  1.017707824707e-006  1.012788806549e-001  2.031966787405e-001  -3.004045734596e+000  
  1.824707031250e-006  1.022929442481e-001  2.057293470950e-001  -3.015620488905e+000  
  3.438705444336e-006  1.043208685082e-001  2.107820112504e-001  -3.052915949201e+000  
  6.666702270508e-006  1.083751754477e-001  2.207912784903e-001  -3.160362370788e+000  
  1.068510437012e-005  1.134172136008e-001  2.329413609781e-001  -3.321255567912e+000  
  1.622404479980e-005  1.203524444825e-001  2.487909640079e-001  -3.550976247395e+000  
  2.322096252441e-005  1.290769039653e-001  2.666502967833e-001  -3.827921861878e+000  
  3.593305969238e-005  1.447721713445e-001  2.903929641941e-001  -4.252849613873e+000  
  5.752119445801e-005  1.707198825034e-001  2.972214266774e-001  -4.651151962767e+000  
  8.252119445801e-005  1.991148677149e-001  2.521930723992e-001  -4.562435369015e+000  
  1.075211944580e-004  2.250693159400e-001  1.765907241715e-001  -4.091103951115e+000  
  1.325211944580e-004  2.479441425253e-001  1.147012122388e-001  -3.663623442165e+000  
  1.575211944580e-004  2.671760933232e-001  1.027785733226e-001  -3.659680190929e+000  
  1.825211944580e-004  2.822916138778e-001  1.478069276008e-001  -4.193278134314e+000  
  2.075211944580e-004  2.929185099076e-001  2.234092758285e-001  -5.039343354360e+000  
  2.325211944580e-004  2.987951119636e-001  2.852987877612e-001  -5.765820372386e+000  
  2.575211944580e-004  2.997767185999e-001  2.972214266774e-001  -5.983449169964e+000  
  2.825211944580e-004  2.958391594034e-001  2.521930723992e-001  -5.574132280290e+000  
  3.075211944580e-004  2.870793901495e-001  1.765907241715e-001  -4.759293482993e+000  
  3.325211944580e-004  2.737131054292e-001  1.147012122388e-001  -3.970588333309e+000  
  3.575211944580e-004  2.560694275325e-001  1.027785733226e-001  -3.598524523702e+000  
  3.825211944580e-004  2.345828023652e-001  1.478069276008e-001  -3.765231900336e+000  
  4.075211944580e-004  2.097823019489e-001  2.234092758285e-001  -4.255169245010e+000  
  4.325211944580e-004  1.822785969121e-001  2.852987877612e-001  -4.644577840495e+000  
  4.575211944580e-004  1.527489197523e-001  2.972214266774e-001  -4.552856270468e+000  
  4.825211944580e-004  1.219203891246e-001  2.521930723992e-001  -3.869487138621e+000  
  5.075211944580e-004  9.055210576704e-002  1.765907241715e-001  -2.822564458228e+000  
  5.325211944580e-004  5.941646092126e-002  1.147012122388e-001  -1.849339182215e+000  
  5.575211944580e-004  2.928011749663e-002  1.027785733226e-001  -1.345005249064e+000  
  5.825211944580e-004  8.851322850753e-004  1.478069276008e-001  -1.434986607314e+000  
  6.075211944580e-004  -2.506931593995e-002  2.234092758285e-001  -1.905577790720e+000  
  6.325211944580e-004  -4.794414252528e-002  2.852987877612e-001  -2.333490596692e+000  
  6.575211944580e-004  -6.717609332317e-002  2.972214266774e-001  -2.337182536409e+000  
  6.825211944580e-004  -8.229161387780e-002  2.521930723992e-001  -1.803729508721e+000  
  7.075211944580e-004  -9.291850990758e-002  1.765907241715e-001  -9.575782139578e-001  
  7.325211944580e-004  -9.879511196361e-002  1.147012122388e-001  -2.311515533765e-001  
  7.497178497314e-004  -9.999968571724e-002  1.000039285098e-001  -1.750419603446e-002  
  7.683946075439e-004  -9.866568829956e-002  1.162379407855e-001  -1.186277151377e-001  
  7.913346710205e-004  -9.329272366761e-002  1.731120656223e-001  -6.857523061725e-001  
  8.142289581299e-004  -8.393357410367e-002  2.432276580218e-001  -1.471360675920e+000  
  8.392289581299e-004  -6.938277460968e-002  2.943292927033e-001  -2.178096255727e+000  
  8.642289581299e-004  -5.066120905560e-002  2.901741070483e-001  -2.403467304094e+000  
  8.892289581299e-004  -2.822986451868e-002  2.331961524593e-001  -2.116256621349e+000  
  9.142289581299e-004  -2.641075146797e-003  1.567723419782e-001  -1.608690668140e+000  
  9.392289581299e-004  2.547507814140e-002  1.056707072967e-001  -1.318978468864e+000  
  9.642289581299e-004  5.542628233979e-002  1.098258929517e-001  -1.573145421054e+000  
  9.892289581299e-004  8.647503939867e-002  1.668038475407e-001  -2.388873274490e+000  
  1.014228958130e-003  1.178568258743e-001  2.432276580218e-001  -3.449621400891e+000  
  1.039228958130e-003  1.487989180335e-001  2.943292927033e-001  -4.347602006627e+000  
  1.064228958130e-003  1.785394188764e-001  2.901741070483e-001  -4.678766618862e+000  
  1.088594192505e-003  2.056696167444e-001  2.350705185860e-001  -4.470507813252e+000  
  1.113594192505e-003  2.309320921450e-001  1.585790472771e-001  -3.978714066702e+000  
  1.138594192505e-003  2.529705848982e-001  1.063514083069e-001  -3.606253420795e+000  
  1.163594192505e-003  2.712424341710e-001  1.089818442533e-001  -3.747464288327e+000  
  1.187681716919e-003  2.848631726541e-001  1.622597023326e-001  -4.352868587517e+000  
  1.212681716919e-003  2.945271650740e-001  2.387951416261e-001  -5.201866195424e+000  
  1.237681716919e-003  2.994012530911e-001  2.926049131093e-001  -5.868641386879e+000  
  1.262681716919e-003  2.993654204823e-001  2.921679824354e-001  -5.943510145742e+000  
  1.287376541138e-003  2.945101429750e-001  2.386263880606e-001  -5.438078934057e+000  
  1.312376541138e-003  2.848352215522e-001  1.620902772706e-001  -4.602275007414e+000  
  1.337376541138e-003  2.706090435419e-001  1.077611679097e-001  -3.849781052690e+000  
  1.362376541138e-003  2.521819046605e-001  1.074643154098e-001  -3.595259965654e+000  
  1.386537307739e-003  2.308071326317e-001  1.589554140571e-001  -3.829744454589e+000  
  1.411537307739e-003  2.055292804678e-001  2.354570994648e-001  -4.324317809935e+000  
  1.436537307739e-003  1.776529471872e-001  2.911884968885e-001  -4.676286205777e+000  
  1.461537307739e-003  1.478645406314e-001  2.935029095672e-001  -4.476750333159e+000  
  1.486399978638e-003  1.170694997278e-001  2.414376191780e-001  -3.723514678607e+000  
  1.511399978638e-003  8.568661104354e-002  1.649466308343e-001  -2.667543600949e+000  
  1.536399978638e-003  5.465616549877e-002  1.089894307410e-001  -1.725875947119e+000  
  1.561399978638e-003  2.474223564697e-002  1.063449878003e-001  -1.325947006751e+000  
  1.586003250122e-003  -2.891409065667e-003  1.574313098560e-001  -1.483818576665e+000  
  1.611003250122e-003  -2.845366113755e-002  2.338833987671e-001  -1.966039771916e+000  
  1.636003250122e-003  -5.085295775897e-002  2.904870522198e-001  -2.372636556347e+000  
  1.661003250122e-003  -6.953775390810e-002  2.940846177012e-001  -2.289244762297e+000  
  1.685600418091e-003  -8.384926938701e-002  2.437103953186e-001  -1.710955135778e+000  
  1.710600418091e-003  -9.390289170667e-002  1.673099557243e-001  -8.644894266809e-001  
  1.735600418091e-003  -9.918198130571e-002  1.100589007122e-001  -1.641214043213e-001  
  1.750087112427e-003  -9.999997004151e-002  1.000003744809e-001  -1.218440708012e-002  
  1.766224807739e-003  -9.896165253625e-002  1.127117552700e-001  -8.981603424735e-002  
  1.791224807739e-003  -9.332813146967e-002  1.727797911374e-001  -6.801008495896e-001  
  1.815361160278e-003  -8.337020816584e-002  2.464070585361e-001  -1.510251842667e+000  
  1.840361160278e-003  -6.862196693516e-002  2.954501388077e-001  -2.200031488813e+000  
  1.865361160278e-003  -4.972169325430e-002  2.885798222962e-001  -2.400510038795e+000  
  1.890361160278e-003  -2.713477458772e-002  2.298206472362e-001  -2.094826463211e+000  
  1.915361160278e-003  -1.417375834660e-003  1.535929414639e-001  -1.587639739457e+000  
  1.940361160278e-003  2.679725529642e-002  1.045498611923e-001  -1.317262703787e+000  
  1.965361160278e-003  5.681438094809e-002  1.114201777038e-001  -1.599206967331e+000  
  1.990361160278e-003  8.789487986566e-002  1.701793527638e-001  -2.435141175817e+000  
  2.015361160278e-003  1.192734470155e-001  2.464070585361e-001  -3.496776657226e+000  
  2.040361160278e-003  1.501774379350e-001  2.954501388077e-001  -4.376375752707e+000  
  2.065361160278e-003  1.798458938031e-001  2.885798222962e-001  -4.679628991484e+000  
  2.089518875122e-003  2.066543899906e-001  2.323356352108e-001  -4.454463482590e+000  
  2.114518875122e-003  2.318082527482e-001  1.559528395626e-001  -3.960417991165e+000  
  2.139518875122e-003  2.537165588768e-001  1.053722731145e-001  -3.601150186471e+000  
  2.164518875122e-003  2.718398531697e-001  1.102233456995e-001  -3.763049129495e+000  
  2.188453811646e-003  2.852312680565e-001  1.645168152810e-001  -4.378126126858e+000  
  2.213453811646e-003  2.947502965360e-001  2.410191434158e-001  -5.240970608436e+000  
  2.238453811646e-003  2.994739263755e-001  2.934930136545e-001  -5.872903643336e+000  
  2.263453811646e-003  2.992858461318e-001  2.911999444815e-001  -5.933665786738e+000  
  2.286012405396e-003  2.949018777905e-001  2.425426623712e-001  -5.477340935109e+000  
  2.311012405396e-003  2.854832004236e-001  1.660895418855e-001  -4.636258719213e+000  
  2.336012405396e-003  2.714973110788e-001  1.095007078571e-001  -3.887638434178e+000  
  2.361012405396e-003  2.532885887684e-001  1.059251317808e-001  -3.590707754828e+000  
  2.386012405396e-003  2.313053926668e-001  1.574573376288e-001  -3.822840705078e+000  
  2.411012405396e-003  2.060890220201e-001  2.339104581145e-001  -4.325889004988e+000  
  2.436012405396e-003  1.782603875620e-001  2.904992921429e-001  -4.666858996569e+000  
  2.461012405396e-003  1.485047226308e-001  2.940748682192e-001  -4.491144975625e+000  
  2.486012405396e-003  1.175547104505e-001  2.425426623712e-001  -3.736381123954e+000  
  2.511012405396e-003  8.617244303817e-002  1.660895418855e-001  -2.671514556268e+000  
  2.536012405396e-003  5.513065596925e-002  1.095007078571e-001  -1.744263081215e+000  
  2.561012405396e-003  2.519370106319e-002  1.059251317808e-001  -1.323328034008e+000  
  2.586012405396e-003  -2.901274495175e-003  1.574573376288e-001  -1.486276897864e+000  
  2.611012405396e-003  -2.846247916572e-002  2.339104581145e-001  -1.978289670727e+000  
  2.636012405396e-003  -5.086051125668e-002  2.904992921429e-001  -2.365668026700e+000  
  2.661012405396e-003  -6.954385688316e-002  2.940748682192e-001  -2.293232615106e+000  
  2.686012405396e-003  -8.405247006939e-002  2.425426623712e-001  -1.695686063001e+000  
  2.711012405396e-003  -9.402910060738e-002  1.660895418855e-001  -8.383640755411e-001  
  2.736012405396e-003  -9.922809074274e-002  1.095007078571e-001  -1.638642704160e-001  
  2.752446121216e-003  -9.997637851828e-002  1.002951290510e-001  -9.716064100604e-003  
  2.769026321411e-003  -9.857257888578e-002  1.173384501664e-001  -1.293731306566e-001  
  2.794026321411e-003  -9.239650340201e-002  1.813431014028e-001  -7.716650947533e-001  
  2.817216629028e-003  -8.242690431289e-002  2.514887449491e-001  -1.572868976447e+000  
  2.842216629028e-003  -6.735671119940e-002  2.970253201902e-001  -2.233850845425e+000  
  2.867216629028e-003  -4.816564043110e-002  2.857257787574e-001  -2.393198604743e+000  
  2.892216629028e-003  -2.532623986182e-002  2.242092387735e-001  -2.058834845816e+000  
  2.917216629028e-003  5.991086667996e-004  1.485112550509e-001  -1.566622648366e+000  
  2.942216629028e-003  2.897203703269e-002  1.029746798098e-001  -1.309814663797e+000  
  2.967216629028e-003  5.909390957513e-002  1.142742212426e-001  -1.648718723695e+000  
  2.991264480591e-003  8.902813341640e-002  1.728997419477e-001  -2.470498890865e+000  
  3.016264480591e-003  1.204029931551e-001  2.489018107833e-001  -3.548071332265e+000  
  3.041264480591e-003  1.512754634887e-001  2.962578620867e-001  -4.390356554582e+000  
  3.062825149536e-003  1.769140190066e-001  2.919922337409e-001  -4.675161125318e+000  
  3.084523147583e-003  2.012920441529e-001  2.467287013779e-001  -4.534013460545e+000  
  3.109523147583e-003  2.270225114560e-001  1.705264697252e-001  -4.049157139248e+000  
  3.134523147583e-003  2.496252629634e-001  1.115894323764e-001  -3.644086865927e+000  
  3.159523147583e-003  2.685437439189e-001  1.044421064844e-001  -3.691156517455e+000  
  3.184523147583e-003  2.833121185345e-001  1.532712986221e-001  -4.250049242142e+000  
  3.209523147583e-003  2.935667404137e-001  2.294735302748e-001  -5.110687241954e+000  
  3.234523147583e-003  2.990551067328e-001  2.884105676236e-001  -5.804209518166e+000  
  3.259523147583e-003  2.996420756981e-001  2.955578935156e-001  -5.973770797968e+000  
  3.284523147583e-003  2.953131941856e-001  2.467287013779e-001  -5.518336067977e+000  
  3.309523147583e-003  2.861750536250e-001  1.705264697252e-001  -4.689308016380e+000  
  3.334523147583e-003  2.724526653645e-001  1.115894323764e-001  -3.921503920385e+000  
  3.359523147583e-003  2.544839201452e-001  1.044421064844e-001  -3.592936924235e+000  
  3.384523147583e-003  2.327112681091e-001  1.532712986221e-001  -3.797379998931e+000  
  3.409523147583e-003  2.076708242088e-001  2.294735302748e-001  -4.296130173528e+000  
  3.434523147583e-003  1.799791672775e-001  2.884105676236e-001  -4.658566354586e+000  
  3.459523147583e-003  1.503181578121e-001  2.955578935156e-001  -4.518960696500e+000  
  3.484523147583e-003  1.194181483051e-001  2.467287013779e-001  -3.793993754545e+000  
  3.509523147583e-003  8.803999954160e-002  1.705264697252e-001  -2.735681979454e+000  
  3.534523147583e-003  5.695634568238e-002  1.115894323764e-001  -1.787859619522e+000  
  3.559523147583e-003  2.693256944615e-002  1.044421064844e-001  -1.331092629748e+000  
  3.584523147583e-003  -1.292044152937e-003  1.532712986221e-001  -1.463516641793e+000  
  3.609523147583e-003  -2.702251145596e-002  2.294735302748e-001  -1.947459849240e+000  
  3.634523147583e-003  -4.962526296339e-002  2.884105676236e-001  -2.353066302380e+000  
  3.659523147583e-003  -6.854374391889e-002  2.955578935156e-001  -2.313314280504e+000  
  3.684523147583e-003  -8.331211853448e-002  2.467287013779e-001  -1.742502868809e+000  
  3.709523147583e-003  -9.356674041372e-002  1.705264697252e-001  -8.888331154150e-001  
  3.734523147583e-003  -9.905510673279e-002  1.115894323764e-001  -1.912518741557e-001  
  3.751329177856e-003  -9.999302533412e-002  1.000871711626e-001  -1.197770365757e-002  
  3.768803543091e-003  -9.860577173811e-002  1.169466091485e-001  -1.254707076319e-001  
  3.793452590942e-003  -9.259215800997e-002  1.795754476169e-001  -7.532041994127e-001  
  3.816529983520e-003  -8.277888567780e-002  2.496276664712e-001  -1.549769444121e+000  
  3.841529983520e-003  -6.782759952535e-002  2.964805548379e-001  -2.221704032338e+000  
  3.866529983520e-003  -4.874384088471e-002  2.868164426858e-001  -2.396224965945e+000  
  3.891529983520e-003  -2.599751522898e-002  2.262964358454e-001  -2.072290497732e+000  
  3.916529983520e-003  -1.487125865427e-004  1.503723335288e-001  -1.578735765863e+000  
  3.941529983520e-003  2.816608373430e-002  1.035194451621e-001  -1.309563137265e+000  
  3.966529983520e-003  5.824966947671e-002  1.131835573142e-001  -1.631565960928e+000  
  3.990690750122e-003  8.830832101003e-002  1.711692597538e-001  -2.446723446992e+000  
  4.015690750122e-003  1.196856525736e-001  2.473217427324e-001  -3.524349733605e+000  
  4.040690750122e-003  1.505782580378e-001  2.957537906135e-001  -4.376439271484e+000  
  4.062449783325e-003  1.764783820458e-001  2.924482105242e-001  -4.673868373745e+000  
  4.084349197388e-003  2.011034995992e-001  2.472111478690e-001  -4.536547465283e+000  
  4.109349197388e-003  2.268535906733e-001  1.710491126283e-001  -4.052803091213e+000  
  4.134349197388e-003  2.494801253421e-001  1.118461145672e-001  -3.645655400273e+000  
  4.159349197388e-003  2.684259632289e-001  1.042824670168e-001  -3.688996377362e+000  
  4.184349197388e-003  2.832245949273e-001  1.527888521310e-001  -4.244616287752e+000  
  4.209349197388e-003  2.935116290110e-001  2.289508873717e-001  -5.104771536231e+000  
  4.234349197388e-003  2.990337645601e-001  2.881538854328e-001  -5.800870254631e+000  
  4.259349197388e-003  2.996550282706e-001  2.957175329832e-001  -5.974861444090e+000  
  4.284349197388e-003  2.953601225680e-001  2.472111478690e-001  -5.523238581605e+000  
  4.309349197388e-003  2.862548022847e-001  1.710491126283e-001  -4.695403441733e+000  
  4.334349197388e-003  2.725632706250e-001  1.118461145672e-001  -3.925636735805e+000  
  4.359349197388e-003  2.546226585377e-001  1.042824670168e-001  -3.593287671634e+000  
  4.384349197388e-003  2.328747234341e-001  1.527888521310e-001  -3.794499418707e+000  
  4.409349197388e-003  2.078549716537e-001  2.289508873717e-001  -4.292606520589e+000  
  4.434349197388e-003  1.801794725209e-001  2.881538854328e-001  -4.657481737967e+000  
  4.459349197388e-003  1.505296886743e-001  2.957175329832e-001  -4.522063768302e+000  
  4.484349197388e-003  1.196356961941e-001  2.472111478690e-001  -3.800645440000e+000  
  4.509349197388e-003  8.825820770652e-002  1.710491126283e-001  -2.743205078402e+000  
  4.534349197388e-003  5.716984111394e-002  1.118461145672e-001  -1.793072569353e+000  
  4.559349197388e-003  2.713609517827e-002  1.042824670168e-001  -1.332142946389e+000  
  4.584349197388e-003  -1.103499599241e-003  1.527888521310e-001  -1.460941391683e+000  
  4.609349197388e-003  -2.685359067335e-002  2.289508873717e-001  -1.943838168353e+000  
  4.634349197388e-003  -4.948012534214e-002  2.881538854328e-001  -2.351483598153e+000  
  4.659349197388e-003  -6.842596322892e-002  2.957175329832e-001  -2.315531156957e+000  
  4.684349197388e-003  -8.322459492728e-002  2.472111478690e-001  -1.747902609310e+000  
  4.709349197388e-003  -9.351162901096e-002  1.710491126283e-001  -8.947682596132e-001  
  4.734349197388e-003  -9.903376456011e-002  1.118461145672e-001  -1.945798290386e-001  
  4.751191848755e-003  -9.999439210335e-002  1.000700908463e-001  -1.234293453318e-002  
  4.768769973755e-003  -9.861073966637e-002  1.168879168366e-001  -1.249003066028e-001  
  4.793260330200e-003  -9.265716337943e-002  1.789845514512e-001  -7.470142379626e-001  
  4.816322463989e-003  -8.288459309531e-002  2.490606231172e-001  -1.542755956104e+000  
  4.841322463989e-003  -6.796929813292e-002  2.963070682456e-001  -2.217955901693e+000  
  4.866322463989e-003  -4.891804159236e-002  2.871381389482e-001  -2.391475106702e+000  
  4.891322463989e-003  -2.619992863715e-002  2.269248696549e-001  -2.079600000884e+000  
  4.916322463989e-003  -3.743546053433e-004  1.509393768828e-001  -1.568227817650e+000  
  4.941279739380e-003  2.787269018105e-002  1.037291579501e-001  -1.317851951902e+000  
  4.966279739380e-003  5.794218325101e-002  1.127960887685e-001  -1.620583070526e+000  
  4.991279739380e-003  8.904727935123e-002  1.729458880944e-001  -2.473436863444e+000  
  5.016279739380e-003  1.204220677838e-001  2.489436192566e-001  -3.534827426055e+000  
  5.041279739380e-003  1.512939971306e-001  2.962708420499e-001  -4.398781831184e+000  
  5.066279739380e-003  1.809028980330e-001  2.872039112315e-001  -4.679483013573e+000  
  5.090330642700e-003  2.075159439383e-001  2.299121451914e-001  -4.440062099203e+000  
  5.115330642700e-003  2.325737569735e-001  1.536778876201e-001  -3.930708359921e+000  
  5.140330642700e-003  2.543671641249e-001  1.045784952432e-001  -3.605330650678e+000  
  5.161930984497e-003  2.701533333076e-001  1.069427537700e-001  -3.722090690081e+000  
  5.183686965942e-003  2.828893891807e-001  1.509651937124e-001  -4.228069290644e+000  
  5.208686965942e-003  2.932997043215e-001  2.269533994456e-001  -5.079844807895e+000  
  5.233686965942e-003  2.989503392171e-001  2.871526693357e-001  -5.789274004106e+000  
  5.258686965942e-003  2.997021564828e-001  2.962990875259e-001  -5.969829593582e+000  
  5.283686965942e-003  2.955366438824e-001  2.490348062876e-001  -5.546935095518e+000  
  5.308686965942e-003  2.865563701607e-001  1.730466005544e-001  -4.715594399957e+000  
  5.333439773560e-003  2.731381636605e-001  1.132307482020e-001  -3.949215675222e+000  
  5.358439773560e-003  2.553449816986e-001  1.034945042231e-001  -3.594631598636e+000  
  5.383439773560e-003  2.337266907268e-001  1.502898708268e-001  -3.780232863149e+000  
  5.401493972778e-003  2.160330599997e-001  2.046917309315e-001  -4.124784977282e+000  
  5.425294631958e-003  1.904680534512e-001  2.713621473381e-001  -4.557343488121e+000  
  5.448103469849e-003  1.640655628512e-001  2.998225562230e-001  -4.647654132391e+000  
  5.473103469849e-003  1.336385243170e-001  2.747957449311e-001  -4.195009317796e+000  
  5.498103469849e-003  1.023831936744e-001  2.059546006664e-001  -3.230058292551e+000  
  5.523103469849e-003  7.106918089405e-002  1.336253320898e-001  -2.180364219138e+000  
  5.548103469849e-003  4.046754089601e-002  1.001774437770e-001  -1.476331770517e+000  
  5.573103469849e-003  1.133178761802e-002  1.252042550689e-001  -1.343120351851e+000  
  5.598103469849e-003  -1.562065999821e-002  1.940453993336e-001  -1.705650305450e+000  
  5.623103469849e-003  -3.972614324230e-002  2.663746679102e-001  -2.207244596015e+000  
  5.648103469849e-003  -6.039110511529e-002  2.998225562230e-001  -2.399370861997e+000  
  5.673103469849e-003  -7.710670567278e-002  2.747957449312e-001  -2.060787074835e+000  
  5.698103469849e-003  -8.946135135315e-002  2.059546006664e-001  -1.287139712796e+000  
  5.723103469849e-003  -9.715082977703e-002  1.336253320898e-001  -4.621893180711e-001  
  5.744239944458e-003  -9.986903185557e-002  1.016328175715e-001  -5.889351642686e-002  
  5.760493606567e-003  -9.956543779151e-002  1.053849599626e-001  -3.557569258432e-002  
  5.776713699341e-003  -9.718934227015e-002  1.331968175916e-001  -2.786333552180e-001  
  5.801713699341e-003  -8.953482227290e-002  2.053811448646e-001  -1.033517240043e+000  
  5.826713699341e-003  -7.721332592128e-002  2.744132704570e-001  -1.869096500390e+000  
  5.851713699341e-003  -6.052824934817e-002  2.998551114363e-001  -2.361205715322e+000  
  5.876713699341e-003  -3.989043451339e-002  2.668031824084e-001  -2.312081864489e+000  
  5.901713699341e-003  -1.580805291116e-002  1.946188551354e-001  -1.863433403181e+000  
  5.926713699341e-003  1.112590729864e-002  1.255867295430e-001  -1.410779533688e+000  
  5.951713699341e-003  4.024824262695e-002  1.001448885637e-001  -1.368406709020e+000  
  5.976713699341e-003  7.084186452649e-002  1.331968175916e-001  -1.923031212035e+000  
  6.001713699341e-003  1.021534564917e-001  2.053811448646e-001  -2.920439552413e+000  
  6.026713699341e-003  1.334120232112e-001  2.744132704570e-001  -3.951953269177e+000  
  6.051713699341e-003  1.638478750310e-001  2.998551114363e-001  -4.588874849663e+000  
  6.076713699341e-003  1.927115802687e-001  2.668031824084e-001  -4.629564176975e+000  
  6.101713699341e-003  2.192924187080e-001  1.946188551354e-001  -4.213700377450e+000  
  6.126713699341e-003  2.429358818899e-001  1.255867295430e-001  -3.735940754232e+000  
  6.151713699341e-003  2.630597892827e-001  1.001448885637e-001  -3.611217331354e+000  
  6.176713699341e-003  2.791686234990e-001  1.331968175916e-001  -4.028300172818e+000  
  6.201713699341e-003  2.908657315781e-001  2.053811448645e-001  -4.836368784657e+000  
  6.226713699341e-003  2.978630918987e-001  2.744132704570e-001  -5.631275403309e+000  
  6.251713699341e-003  2.999884062268e-001  2.998551114363e-001  -5.990169180660e+000  
  6.276713699341e-003  2.971893422702e-001  2.668031824084e-001  -5.718418756833e+000  
  6.301713699341e-003  2.895348222729e-001  1.946188551355e-001  -4.963379310971e+000  
  6.326713699341e-003  2.772133259213e-001  1.255867295430e-001  -4.127889407525e+000  
  6.351713699341e-003  2.605282493482e-001  1.001448885637e-001  -3.635730913059e+000  
  6.376713699341e-003  2.398904345134e-001  1.331968175916e-001  -3.684883841407e+000  
  6.401713699341e-003  2.158080529112e-001  2.053811448645e-001  -4.133515421862e+000  
  6.426713699341e-003  1.888740927014e-001  2.744132704570e-001  -4.586178292492e+000  
  6.451713699341e-003  1.597517573731e-001  2.998551114363e-001  -4.628547466737e+000  
  6.476713699341e-003  1.291581354735e-001  2.668031824084e-001  -4.073922719813e+000  
  6.501713699341e-003  9.784654350831e-002  1.946188551355e-001  -3.076512098218e+000  
  6.526713699341e-003  6.658797678883e-002  1.255867295430e-001  -2.044998500193e+000  
  6.551713699341e-003  3.615212496897e-002  1.001448885637e-001  -1.408080692824e+000  
  6.576713699341e-003  7.288419731321e-003  1.331968175915e-001  -1.367390492020e+000  
  6.601713699341e-003  -1.929241870802e-002  2.053811448645e-001  -1.783255070169e+000  
  6.626713699341e-003  -4.293588188993e-002  2.744132704570e-001  -2.261013223107e+000  
  6.651713699341e-003  -6.305978928272e-002  2.998551114363e-001  -2.385738993805e+000  
  6.676713699341e-003  -7.916862349895e-002  2.668031824085e-001  -1.968653156289e+000  
  6.701713699341e-003  -9.086573157807e-002  1.946188551355e-001  -1.160584805395e+000  
  6.726713699341e-003  -9.786309189869e-002  1.255867295430e-001  -3.656774038744e-001  
  6.745771926880e-003  -9.992943015335e-002  1.008808786723e-001  -4.327219103070e-002  
  6.767295974731e-003  -9.882016205138e-002  1.144028344059e-001  -1.008591843484e-001  
  6.787034744263e-003  -9.460963854281e-002  1.603854096221e-001  -5.548303210620e-001  
  6.809352249145e-003  -8.625340510264e-002  2.289600640421e-001  -1.295538724921e+000  
  6.834352249145e-003  -7.256133195793e-002  2.881584113397e-001  -2.074954818636e+000  
  6.859352249145e-003  -5.462022612219e-002  2.957147569118e-001  -2.401593289892e+000  
  6.884352249145e-003  -3.287185716421e-002  2.472026960041e-001  -2.203622652859e+000  
  6.909352249145e-003  -7.851742106442e-003  1.710399359579e-001  -1.703574535906e+000  
  6.934352249145e-003  1.982404078140e-002  1.118415886603e-001  -1.339869090154e+000  
  6.959352249145e-003  4.947402187396e-002  1.042852430882e-001  -1.482558934202e+000  
  6.984352249145e-003  8.036812023409e-002  1.527973039959e-001  -2.191962747964e+000  
  7.009352249145e-003  1.117456206285e-001  2.289600640421e-001  -3.256479542518e+000  
  7.034352249145e-003  1.428339048616e-001  2.881584113397e-001  -4.202462158495e+000  
  7.059352249145e-003  1.728674761994e-001  2.957147569118e-001  -4.665707175832e+000  
  7.084352249145e-003  2.011068084399e-001  2.472026960041e-001  -4.535460283910e+000  
  7.109352249145e-003  2.268565555024e-001  1.710399359579e-001  -4.053346056426e+000  
  7.134352249145e-003  2.494826731556e-001  1.118415886603e-001  -3.645276464510e+000  
  7.159352249145e-003  2.684280312911e-001  1.042852430882e-001  -3.681556371419e+000  
  7.184352249145e-003  2.832261323157e-001  1.527973039958e-001  -4.249094892821e+000  
  7.209352249145e-003  2.935125978700e-001  2.289600640421e-001  -5.102314215618e+000  
  7.234352249145e-003  2.990341410333e-001  2.881584113397e-001  -5.802422214036e+000  
  7.259352249145e-003  2.996548030879e-001  2.957147569118e-001  -5.973970353670e+000  
  7.284352249145e-003  2.953593012741e-001  2.472026960042e-001  -5.523663720243e+000  
  7.309352249145e-003  2.862534051026e-001  1.710399359579e-001  -4.694997825215e+000  
  7.334352249145e-003  2.725613319579e-001  1.118415886603e-001  -3.925737909480e+000  
  7.359352249145e-003  2.546202261222e-001  1.042852430882e-001  -3.593180030209e+000  
  7.384352249145e-003  2.328718571642e-001  1.527973039958e-001  -3.794608851011e+000  
  7.409352249145e-003  2.078517421064e-001  2.289600640421e-001  -4.292634123099e+000  
  7.434352249145e-003  1.801759592186e-001  2.881584113397e-001  -4.657520752588e+000  
  7.459352249145e-003  1.505259781260e-001  2.957147569118e-001  -4.521998267199e+000  
  7.484352249145e-003  1.196318797659e-001  2.472026960042e-001  -3.800535277060e+000  
  7.509352249145e-003  8.825437937148e-002  1.710399359579e-001  -2.743069562557e+000  
  7.534352249145e-003  5.716609513839e-002  1.118415886603e-001  -1.792982683749e+000  
  7.559352249145e-003  2.713252380058e-002  1.042852430882e-001  -1.332123459752e+000  
  7.584352249145e-003  -1.106808439910e-003  1.527973039958e-001  -1.460986650034e+000  
  7.609352249145e-003  -2.685655550235e-002  2.289600640421e-001  -1.943901836922e+000  
  7.634352249145e-003  -4.948267315556e-002  2.881584113397e-001  -2.351511275710e+000  
  7.659352249145e-003  -6.842803129113e-002  2.957147569118e-001  -2.315492891255e+000  
  7.684352249145e-003  -8.322613231572e-002  2.472026960042e-001  -1.747807550202e+000  
  7.709352249145e-003  -9.351259787003e-002  1.710399359579e-001  -8.946645518381e-001  
  7.734352249145e-003  -9.903414103328e-002  1.118415886603e-001  -1.945207141700e-001  
  7.751191848755e-003  -9.999439210335e-002  1.000700908463e-001  -1.234123220941e-002  
  7.768769973755e-003  -9.861073966638e-002  1.168879168366e-001  -1.249010880764e-001  
  7.793260330200e-003  -9.265716337943e-002  1.789845514511e-001  -7.470137836683e-001  
  7.816316360474e-003  -8.288769743098e-002  2.490439136864e-001  -1.542555244163e+000  
  7.841316360474e-003  -6.797346141719e-002  2.963019036961e-001  -2.217841749820e+000  
  7.866316360474e-003  -4.892316131134e-002  2.871475446029e-001  -2.391496450507e+000  
  7.891316360474e-003  -2.620587872637e-002  2.269433358089e-001  -2.079720160963e+000  
  7.916316360474e-003  -3.809885538649e-004  1.509560863136e-001  -1.568336688810e+000  
  7.941270584106e-003  2.786195964733e-002  1.037369432735e-001  -1.317852087441e+000  
  7.966270584106e-003  5.793093572190e-002  1.127820151435e-001  -1.620360375660e+000  
  7.991270584106e-003  8.903579177822e-002  1.729181996596e-001  -2.473056965852e+000  
  8.016270584106e-003  1.204106230291e-001  2.489185355216e-001  -3.534450779159e+000  
  8.041270584106e-003  1.512828770020e-001  2.962630567265e-001  -4.398561771055e+000  
  8.066270584106e-003  1.808923763450e-001  2.872179848565e-001  -4.679488717184e+000  
  8.090324539185e-003  2.075094764971e-001  2.299304414858e-001  -4.440172478396e+000  
  8.115324539185e-003  2.325680141460e-001  1.536948819633e-001  -3.930826712641e+000  
  8.140324539185e-003  2.543622873187e-001  1.045842325794e-001  -3.605358015154e+000  
  8.161927932739e-003  2.701513178418e-001  1.069392441834e-001  -3.722047448912e+000  
  8.183686965942e-003  2.828893891807e-001  1.509651937124e-001  -4.228068981275e+000  
  8.208686965942e-003  2.932997043215e-001  2.269533994456e-001  -5.079844988356e+000  
  8.233686965942e-003  2.989503392171e-001  2.871526693357e-001  -5.789273899306e+000  
  8.258686965942e-003  2.997021564828e-001  2.962990875259e-001  -5.969829560507e+000  
  8.283686965942e-003  2.955366438824e-001  2.490348062876e-001  -5.546935114906e+000  
  8.308686965942e-003  2.865563701607e-001  1.730466005544e-001  -4.715594388623e+000  
  8.333439773560e-003  2.731381636605e-001  1.132307482020e-001  -3.949215681793e+000  
  8.358439773560e-003  2.553449816986e-001  1.034945042231e-001  -3.594631594803e+000  
  8.383439773560e-003  2.337266907268e-001  1.502898708268e-001  -3.780232865389e+000  
  8.401493972778e-003  2.160330599997e-001  2.046917309315e-001  -4.124784978009e+000  
  8.425294631958e-003  1.904680534512e-001  2.713621473381e-001  -4.557343488121e+000  
  8.448103469849e-003  1.640655628512e-001  2.998225562231e-001  -4.647654132351e+000  
  8.473103469849e-003  1.336385243170e-001  2.747957449311e-001  -4.195009317820e+000  
  8.498103469849e-003  1.023831936744e-001  2.059546006664e-001  -3.230058292537e+000  
  8.523103469849e-003  7.106918089404e-002  1.336253320897e-001  -2.180364219146e+000  
  8.548103469849e-003  4.046754089600e-002  1.001774437769e-001  -1.476331770520e+000  
  8.573103469849e-003  1.133178761801e-002  1.252042550689e-001  -1.343120351852e+000  
  8.598103469849e-003  -1.562065999821e-002  1.940453993336e-001  -1.705650305450e+000  
  8.623103469849e-003  -3.972614324231e-002  2.663746679103e-001  -2.207244596015e+000  
  8.648103469849e-003  -6.039110511530e-002  2.998225562231e-001  -2.399370861997e+000  
  8.673103469849e-003  -7.710670567279e-002  2.747957449311e-001  -2.060787074835e+000  
  8.698103469849e-003  -8.946135135316e-002  2.059546006663e-001  -1.287139712796e+000  
  8.723103469849e-003  -9.715082977703e-002  1.336253320897e-001  -4.621893180708e-001  
  8.744239944458e-003  -9.986903185557e-002  1.016328175715e-001  -5.889351642682e-002  
  8.760493606567e-003  -9.956543779151e-002  1.053849599626e-001  -3.557569258442e-002  
  8.776713699341e-003  -9.718934227015e-002  1.331968175916e-001  -2.786333552183e-001  
  8.801713699341e-003  -8.953482227290e-002  2.053811448646e-001  -1.033517240043e+000  
  8.826713699341e-003  -7.721332592128e-002  2.744132704570e-001  -1.869096500390e+000  
  8.851713699341e-003  -6.052824934816e-002  2.998551114363e-001  -2.361205715322e+000  
  8.876713699341e-003  -3.989043451338e-002  2.668031824084e-001  -2.312081864489e+000  
  8.901713699341e-003  -1.580805291114e-002  1.946188551354e-001  -1.863433403180e+000  
  8.926713699341e-003  1.112590729866e-002  1.255867295430e-001  -1.410779533688e+000  
  8.951713699341e-003  4.024824262697e-002  1.001448885637e-001  -1.368406709020e+000  
  8.976713699341e-003  7.084186452652e-002  1.331968175916e-001  -1.923031212036e+000  
  9.001713699341e-003  1.021534564917e-001  2.053811448646e-001  -2.920439552414e+000  
  9.026713699341e-003  1.334120232112e-001  2.744132704570e-001  -3.951953269178e+000  
  9.051713699341e-003  1.638478750311e-001  2.998551114363e-001  -4.588874849663e+000  
  9.076713699341e-003  1.927115802687e-001  2.668031824084e-001  -4.629564176975e+000  
  9.101713699341e-003  2.192924187080e-001  1.946188551354e-001  -4.213700377450e+000  
  9.126713699341e-003  2.429358818900e-001  1.255867295430e-001  -3.735940754232e+000  
  9.151713699341e-003  2.630597892827e-001  1.001448885638e-001  -3.611217331354e+000  
  9.176713699341e-003  2.791686234990e-001  1.331968175916e-001  -4.028300172818e+000  
  9.201713699341e-003  2.908657315781e-001  2.053811448646e-001  -4.836368784658e+000  
  9.226713699341e-003  2.978630918987e-001  2.744132704570e-001  -5.631275403309e+000  
  9.251713699341e-003  2.999884062268e-001  2.998551114362e-001  -5.990169180660e+000  
  9.276713699341e-003  2.971893422701e-001  2.668031824084e-001  -5.718418756832e+000  
  9.301713699341e-003  2.895348222729e-001  1.946188551354e-001  -4.963379310970e+000  
  9.326713699341e-003  2.772133259213e-001  1.255867295430e-001  -4.127889407525e+000  
  9.351713699341e-003  2.605282493482e-001  1.001448885638e-001  -3.635730913059e+000  
  9.376713699341e-003  2.398904345134e-001  1.331968175916e-001  -3.684883841408e+000  
  9.401713699341e-003  2.158080529111e-001  2.053811448647e-001  -4.133515421863e+000  
  9.426713699341e-003  1.888740927013e-001  2.744132704571e-001  -4.586178292492e+000  
  9.451713699341e-003  1.597517573730e-001  2.998551114362e-001  -4.628547466737e+000  
  9.476713699341e-003  1.291581354735e-001  2.668031824084e-001  -4.073922719812e+000  
  9.501713699341e-003  9.784654350826e-002  1.946188551353e-001  -3.076512098217e+000  
  9.526713699341e-003  6.658797678879e-002  1.255867295429e-001  -2.044998500191e+000  
  9.551713699341e-003  3.615212496893e-002  1.001448885638e-001  -1.408080692823e+000  
  9.576713699341e-003  7.288419731276e-003  1.331968175916e-001  -1.367390492021e+000  
  9.601713699341e-003  -1.929241870806e-002  2.053811448647e-001  -1.783255070170e+000  
  9.626713699341e-003  -4.293588188997e-002  2.744132704571e-001  -2.261013223107e+000  
  9.651713699341e-003  -6.305978928275e-002  2.998551114362e-001  -2.385738993805e+000  
  9.676713699341e-003  -7.916862349897e-002  2.668031824083e-001  -1.968653156288e+000  
  9.701713699341e-003  -9.086573157808e-002  1.946188551353e-001  -1.160584805393e+000  
  9.726713699341e-003  -9.786309189870e-002  1.255867295429e-001  -3.656774038733e-001  
  9.745771926880e-003  -9.992943015335e-002  1.008808786723e-001  -4.327219103023e-002  
  9.767295974731e-003  -9.882016205138e-002  1.144028344060e-001  -1.008591843491e-001  
  9.787034744263e-003  -9.460963854280e-002  1.603854096222e-001  -5.548303210633e-001  
  9.809352249146e-003  -8.625340510262e-002  2.289600640423e-001  -1.295538724923e+000  
  9.834352249146e-003  -7.256133195790e-002  2.881584113398e-001  -2.074954818638e+000  
  9.859352249146e-003  -5.462022612215e-002  2.957147569117e-001  -2.401593289892e+000  
  9.884352249146e-003  -3.287185716417e-002  2.472026960040e-001  -2.203622652858e+000  
  9.909352249146e-003  -7.851742106391e-003  1.710399359577e-001  -1.703574535905e+000  
  9.934352249146e-003  1.982404078146e-002  1.118415886602e-001  -1.339869090154e+000  
  9.959352249146e-003  4.947402187402e-002  1.042852430883e-001  -1.482558934203e+000  
  9.984352249146e-003  8.036812023415e-002  1.527973039960e-001  -2.191962747966e+000  
  1.000000000000e-002  1.000000000000e-001  2.000000000000e-001  -2.852107024141e+000  
